3034
2764
9938
2296
5816
3734
2362
9886
776
3506
7673
509
2857
7945
1033
2033
2023
3583
4829
2135
4496
4290
1968
6990
3728
1690
5518
1796
6904
2424
49
6781
8603
7645
2445
5469
7649
8925
8399
441
4870
5480
6228
7428
142
1242
2734
220
1806
1802
4313
8503
1083
1325
5485
3033
5373
9593
4297
5069
6414
2536
6524
6766
4340
9350
5738
7184
4568
2628
1983
335
8627
4301
4291
6361
5513
9167
7539
1815
2270
1856
3466
9396
9264
5382
3394
802
5280
3016
8575
6537
7163
467
3099
3625
4831
6705
1571
6329
2636
5632
8758
3634
324
3386
2006
5784
1826
4772
1743
1927
7701
7411
7271
4275
8959
1897
6611
7569
6062
622
4712
4506
4854
2268
2584
2870
2552
4954
2983
4463
561
6033
2341
7773
265
451
4653
7629
3404
5512
1656
7026
4212
5072
6746
5704
3582
7816
9825
2511
5299
7901
8977
6507
1633
5991
6491
7393
5610
3126
8790
7112
8034
2020
570
4608
8102
9470
1525
9455
6979
4789
3817
7095
5809
4387
4583
2763
5674
7632
790
3544
5648
6196
8608
8638
6560
3772
2713
6645
3743
4655
521
2235
5607
6485
7375
5863
2398
1888
6878
3184
6608
2326
5092
2410
1322
7970
2933
3327
2253
7311
877
2729
2403
8023
9803
2531
858
354
7334
4196
1838
9218
9292
9150
4852
6976
415
4737
9691
99
3781
7237
7105
7341
8305
3459
4620
8986
3106
4142
164
3094
4472
8770
4026
8534
1537
5417
4079
3357
3303
4001
7315
8711
4211
5377
2854
3354
5854
3250
4672
2274
3426
9058
8472
4680
7151
3131
2683
1575
4573
9291
6663
2019
5651
3795
4800
8442
4352
2376
2506
1016
1850
6398
7004
8564
3473
6901
3141
7821
5325
6903
4929
9991
4757
2403
7492
6450
9470
8966
1792
8284
4506
5596
2402
2792
3047
9777
2085
941
4771
7039
6731
5677
7559
3279
8816
8174
222
918
4682
2878
2214
1756
2092
4168
3475
6229
3751
7637
7251
8739
4927
7749
7403
5471
3400
2496
8116
1126
370
1314
9374
9484
3338
3686
3433
6023
8999
6393
1361
6935
6517
227
3073
5897
5626
7708
3182
5218
4992
6944
2494
352
1164
4084
9235
4291
573
4575
7093
5495
4957
1427
105
2683
84
7612
8414
9156
9654
3106
752
8018
6874
3588
7443
2647
249
6863
7507
4679
351
9665
977
6159
8530
1268
9962
5502
1856
238
4302
2920
6740
7410
9047
3917
4043
5401
9807
2767
137
8971
8759
8413
7296
1290
4754
4072
538
5992
986
1800
4640
5978
6433
6385
6011
6125
4041
3073
4955
5433
8623
6999
8836
8726
9964
9728
8476
8620
2186
4262
4010
320
3515
3513
6777
3325
4195
9649
5441
3587
9675
9733
1850
2782
7868
1778
7186
9610
1016
5336
9056
3576
5351
2871
3177
4899
6083
1577
1331
1659
9015
3489
5594
1934
2618
6564
3040
7248
9422
2252
7312
872
7633
149
3279
3747
7141
7855
6151
6975
3753
2595
6254
1228
4300
9062
8196
8866
660
1978
1324
4346
3739
455
9751
6603
6661
6879
3585
8325
3059
2843
5766
3420
9408
2926
6672
2866
4860
2128
9848
4412
853
3265
7997
8923
3809
8473
7419
6501
1149
2559
7630
8762
5302
7564
6040
3594
4558
9236
4704
992
329
839
1109
4827
89
727
8697
3131
8061
3733
1566
8860
5518
1200
8558
2922
2416
5082
1068
1838
5645
6595
1949
9337
9367
3081
1861
4253
2617
8417
3188
9200
3212
6300
6392
5104
8810
6380
2846
1342
7941
1157
5453
1411
829
4719
3039
3869
3227
7361
9922
3594
9806
6692
8842
3840
4366
5594
5396
854
7429
8827
615
1889
1413
3155
4605
1701
6897
9473
6220
9084
7456
3110
6344
6284
818
1764
1726
5402
4425
4601
6921
4369
8703
9471
7691
6499
9827
1677
5170
5180
3116
2604
8912
5078
6966
2926
7420
2748
3113
5129
8777
2323
3929
9315
2517
7099
359
769
4822
3472
8358
8384
2194
5414
1674
8144
7864
9908
8307
3
403
1507
2851
5769
6321
9559
7469
3865
6192
3264
5152
5046
4714
1276
1304
6560
3420
7848
6981
8005
5253
4191
3253
1995
2513
3101
6915
3795
6344
7014
1050
904
3610
1120
3732
9936
342
7016
2331
2815
7729
823
3499
5363
9251
6549
1313
2609
6722
2932
9224
8578
3088
992
644
3000
1572
6836
3341
6085
8845
1685
8501
4561
1753
5417
7567
9909
4220
5252
3466
1366
9002
756
2884
9494
4642
7024
9893
5825
3223
5141
4593
2107
7083
6869
5919
6639
132
1536
6722
8540
3408
192
7444
1570
1174
7942
3829
7579
6087
8649
3993
7529
6181
1947
3247
9337
5436
5406
6090
9198
5394
9800
4618
5786
3260
644
5161
2319
6437
2247
2683
8877
9275
1093
7773
5209
5524
5362
8306
340
566
8344
4910
4040
2348
9256
2109
6187
8063
6481
669
2081
4007
1523
3961
4133
7810
3170
924
7236
178
6380
882
8612
9292
7664
2501
2165
4095
5755
2697
3473
4861
1879
4785
6951
14
1860
2140
7136
8026
10000
8070
9202
5024
2696
259
1557
1729
2389
75
4173
9797
1023
4361
4057
3862
68
8098
5074
5218
436
3856
8082
5198
6728
5743
1323
4471
179
8607
8905
6715
7351
8339
7811
6428
3004
610
5778
9104
8232
10
1492
4628
9422
8329
7021
2451
5529
8245
73
469
9641
2131
1145
6030
2104
2528
8172
4358
8704
5596
4168
720
8462
7445
1713
5169
1437
153
5995
1223
4601
5997
3841
9788
7272
8060
2994
944
6190
2232
748
9398
496
2953
5701
9487
4127
7457
8191
9451
6611
7165
8415
2990
1500
3338
9744
2340
3982
7436
1040
9732
9142
4219
199
7667
3995
19
5231
517
6703
6561
6221
9634
4418
384
2258
5736
5830
2934
6960
7828
7512
9837
3347
7797
8299
2703
5241
4023
501
9359
7257
8770
5314
2368
224
5860
4904
6080
6010
748
5588
2051
7091
4167
5519
9887
3485
2555
8353
2533
591
4706
9586
222
162
7210
4678
7744
1100
90
4990
4869
9693
3683
1929
5347
8227
2335
7281
7009
1565
9110
4830
5614
6960
1496
4900
8216
4638
1952
4580
9717
7227
4505
7147
1239
5267
6525
3351
9697
8041
9762
1922
2754
5230
7604
9308
7954
7344
350
2550
9077
5761
3989
3413
8421
2859
7865
9667
3277
7483
7472
24
1514
1258
9938
4470
1574
550
2118
3342
2123
6875
8987
7693
2021
6455
3837
7073
5597
1227
3516
1014
356
320
8228
2964
2892
1914
6004
1692
7095
2123
3941
6999
717
8247
1119
3377
6479
1753
6854
716
8694
5720
5076
8440
294
782
2758
9478
697
3537
9211
8799
505
8173
9341
6181
7281
2677
4846
732
296
7368
498
6390
668
7500
6956
4468
7399
8385
5903
873
5605
1605
7057
2291
3235
6651
180
8636
1296
4862
8978
4394
3650
3324
6706
2634
4385
8207
3033
8877
4297
1733
8027
9997
8361
7421
7982
3806
8954
9144
3016
256
8668
8124
5176
2936
7427
2771
5921
5873
4347
3323
6141
1527
7273
3791
5514
9398
9678
564
1260
344
7336
2604
5168
5406
6731
5407
9113
6455
1363
1807
3127
8673
743
7571
7064
8286
8998
2408
6384
3650
3602
5236
128
8814
5411
7409
8967
4349
6323
9189
7927
9343
9485
6391
5688
648
5662
6302
7272
5832
7160
1618
4228
2826
9527
7753
6353
7367
9779
5009
1393
8603
5851
4683
1614
8290
8522
1518
6786
402
8658
3764
4046
2232
573
3403
2671
2343
6501
6583
9743
1611
531
5473
8168
7960
8206
7866
5924
7226
6916
4168
9710
9018
9919
4437
5287
783
293
6619
3583
8853
5127
1353
9850
3332
5364
4166
6520
3224
4146
1194
5004
1062
9287
4299
1477
3343
7509
4967
3629
5151
7907
341
9408
6400
9744
5848
4830
5158
3340
8106
7496
9616
5677
1377
8681
699
4833
2189
2089
7115
641
67
602
5296
1436
4256
3488
9556
5514
6016
4636
6932
2451
711
2211
6327
5259
7225
7043
1449
5373
5193
6216
7456
7238
9586
374
3604
7506
9220
9482
1820
8893
3935
6815
9239
4211
3891
3125
5187
3317
6385
3318
1098
9574
2678
2658
2480
1134
3756
4686
3620
9089
9443
6975
5219
2703
7453
4095
9209
4459
5631
6678
9900
9464
2968
9876
8316
14
5382
7642
4412
1737
6505
1239
3133
2633
981
193
3623
3753
4431
1260
3496
3408
2774
9980
9110
8848
6330
8654
2794
5691
2059
5739
793
7899
2895
4435
7491
2699
879
230
3586
3508
3132
9340
7624
4230
2924
9934
2274
6237
2833
577
3181
1181
2943
8243
1189
659
9523
9380
6196
1288
9978
246
6218
1160
3582
188
9664
8691
933
685
6455
3615
9305
831
5571
9081
3039
5134
8390
7212
3950
8794
6228
4214
88
7230
4438
5811
4791
9207
9259
8423
2925
1203
7261
6665
4513
2754
6772
6116
8400
5808
514
9814
5486
2616
7970
5973
3637
251
8891
8283
1805
9563
627
9253
7769
2058
916
5062
558
7868
7908
8742
7390
2414
304
2911
6743
6301
8025
9541
1263
9237
1323
3643
63
8784
6876
8046
854
4226
5890
8164
7616
7456
3902
3479
7469
1559
5223
7661
6541
4547
6793
6259
537
7420
8970
8776
1128
4806
7404
6076
8478
1862
5628
675
1751
6487
2805
7909
9803
6107
9851
6883
7475
5532
4972
6826
1054
8642
5730
968
7100
3914
6338
8729
3233
6667
9323
1555
8059
6945
9793
1833
3763
4076
4488
9260
1552
3578
2334
5494
6728
1804
440
2335
7015
2033
9369
9869
4553
5103
7215
9169
8355
940
2068
2784
7946
9368
9632
566
460
8696
1548
3645
6299
7841
7641
131
5001
3311
6441
3481
7483
6312
8620
4164
8668
2596
3380
5488
434
1806
3362
5875
6259
1553
7773
1885
4203
4339
2767
1227
7559
4164
2118
7696
4324
3688
4136
392
1076
5178
1778
643
6067
9939
8255
5773
7969
6925
9719
9081
4795
226
8656
4912
3292
8638
3986
1052
8190
6360
1524
8797
9879
2967
327
379
6773
7467
7519
8073
1953
5868
1074
8450
7186
3068
2618
1338
8638
2162
630
8449
7871
3481
6629
4827
7167
8769
77
4321
5717
5430
144
8524
9538
8112
5294
5326
6388
9046
1480
2713
6199
9147
7613
7051
7751
9329
5141
4665
1813
6986
5718
1004
8240
3856
4608
6626
2742
4006
8822
1149
5631
6677
6155
4763
3471
3597
5331
8045
8931
4746
3230
7908
3016
8224
1886
6396
8172
7060
7590
5309
7755
3399
2809
457
2015
5535
1915
9519
909
3044
9706
6300
7180
2316
6518
1588
2968
872
7682
1641
9891
1475
9915
8661
9273
6715
2953
4945
9609
3538
494
1250
3638
8374
4556
1534
1706
3094
1352
231
2145
2245
3703
7741
5207
7313
3741
5019
9589
9762
416
3782
902
2200
2368
1258
3964
5828
4790
8387
3351
5759
8441
5257
8633
7711
8979
2797
4803
2766
9418
3976
3898
8030
9496
2954
9830
7896
8462
7721
779
207
6241
3157
8833
1079
4413
2671
3205
5820
3846
9984
5338
6404
2128
4178
6910
2668
2724
853
1387
8951
9139
9423
5863
7799
1813
9381
9091
5262
1468
9350
6322
414
8298
8920
2370
1670
5634
7113
8765
3179
1653
2871
1101
4899
5583
4253
8691
4132
5142
3352
2062
5578
4304
7824
9296
9026
2130
4125
3159
1547
6377
8757
7617
7435
351
4111
3349
2790
3242
536
1274
8190
1150
7034
7510
3042
4220
9779
1373
5941
1851
1595
8489
7989
6407
151
3741
5070
9422
1818
7922
7054
3268
166
7736
4768
806
5293
771
9751
441
3083
3763
8129
7921
1591
6067
5002
5260
4564
5472
202
5186
7584
2906
2174
686
1667
7741
6151
5071
8635
3755
2955
7687
3067
8531
7034
6931
1807
8391
3241
8669
3703
9035
5239
3875
8117
887
891
1137
1249
129
3525
6851
349
7857
6435
9361
237
7491
1121
251
4835
7483
5053
1319
7137
5751
7855
7429
4163
2775
5605
2153
5951
8913
