7624
2532
2316
9370
7648
754
8506
4150
9140
1698
883
109
9681
4459
4427
9125
3141
3335
2199
2931
514
4098
7430
3086
3628
7132
6088
7242
4062
6460
2523
9205
3977
6163
8287
5015
9203
3633
9867
4649
9200
2004
2568
4876
7720
3724
6026
554
2400
8894
789
9095
7573
7643
8901
3095
5329
153
4769
301
9428
9322
2630
6008
6486
6040
162
7046
8212
3810
4557
2887
6575
7723
7805
9111
9393
1047
7991
3293
5992
1504
212
1396
1454
7468
2192
7770
7826
196
5477
5671
7237
5675
3959
4265
3559
723
8169
481
5764
2870
8830
9964
6096
7294
8408
6450
4814
9010
713
1039
5
7659
5515
4555
1109
9397
3099
5015
2160
5786
6994
8422
8794
5222
5448
1052
1784
4800
5103
9597
5155
1991
9499
13
6879
3767
6281
9871
9342
6050
8034
2642
2002
166
3446
2916
2838
5358
9269
4695
9421
913
4903
353
5389
8427
3573
1947
9098
2850
424
1700
940
5032
184
3838
3844
7602
2649
1043
849
7117
3585
7205
1915
1807
95
4749
2872
4130
3388
7202
6058
6064
1840
9338
3500
9898
5081
5113
8275
243
6675
6779
8181
2609
2705
6117
3560
2944
5168
198
456
5832
56
3148
7340
8624
233
5987
8351
2855
6083
9151
113
6809
9119
2421
412
9142
7672
4254
6832
9690
9110
9846
9446
5400
4501
2367
5189
3967
4957
5609
6889
9973
3575
8989
7568
6534
1762
9266
2122
6652
2344
2688
7272
750
9405
7671
8129
3301
2075
9235
3213
7593
3215
5541
234
4292
9364
9848
8834
4078
3858
14
7724
9864
3645
3087
1435
8517
5115
7223
4107
3105
5083
6713
3252
1476
2952
7146
6886
272
2594
3780
7484
8300
2491
3869
9067
2887
1491
2769
9985
7013
6425
5823
8302
7652
4354
7096
3422
6196
9324
3858
1574
7274
7177
7833
1175
9665
6047
8783
7971
2571
5451
105
7510
6658
7634
1746
1348
4012
3366
8614
1842
3982
9555
2961
6067
8825
7125
7777
5459
8145
9075
3007
8088
3880
1450
9650
4752
8514
1470
1240
9432
4986
6877
9207
107
4187
7013
569
8157
4393
4537
63
9772
240
2810
9962
7066
6122
8916
228
2918
1810
8045
6285
2305
2569
3613
507
4183
5429
3953
6275
5406
2858
3474
9666
2702
1938
484
2884
1638
8766
6209
9365
7539
9603
7093
1345
573
2903
127
4605
500
4452
6244
9126
7548
3384
3836
2076
5004
5418
1403
7431
2185
8663
8055
1623
7323
8829
6237
2291
5354
5020
6
6470
7526
6738
9890
5530
8650
106
3489
5135
1669
6351
3255
867
3607
3641
1413
927
1674
7976
3740
6142
1562
542
8100
7804
136
1702
1441
9417
3459
1893
5993
283
4459
2793
8223
8811
3676
6186
2460
526
9814
3402
9428
7846
3996
9060
4269
8081
9243
6661
9507
3433
9493
9033
7845
6775
8166
8424
9240
5712
7044
8730
7856
6532
4580
9450
4393
3863
4945
1895
8023
6923
2925
3677
2031
8963
2886
8582
7546
1646
9206
4538
300
8822
2948
6270
4957
5991
3905
3481
8019
7901
119
5723
1489
4281
5164
5466
2342
84
4052
5444
180
2294
6780
9950
6487
2109
3933
3119
6375
7879
6591
1969
8771
9481
6550
3700
4154
2936
3590
2816
5188
7694
5024
4148
9097
3259
6091
1681
2479
8547
133
4735
6769
289
2062
6536
9076
4424
8732
9294
9656
3266
1496
3466
8741
859
7285
9251
4173
3895
9291
3263
3879
9869
8032
3240
558
2398
9066
1516
410
6298
6340
7062
7047
2219
8429
9319
5541
4703
4843
9223
4841
1765
1090
5894
5994
4024
9044
2138
5104
8870
7722
164
303
4375
3237
9245
3891
7033
9769
1689
6725
8207
3002
1558
2028
832
1778
5012
4594
9630
3314
4760
8527
6187
925
6935
3973
5977
5145
5177
9509
9479
5608
5296
9216
9592
5260
9304
5872
6512
7570
6344
769
7313
4603
3749
4753
401
5859
4481
3261
6849
7280
8636
7492
8544
594
5902
7946
6514
5202
3282
6011
787
987
3453
5107
6423
6883
1783
861
5383
5482
5386
5238
4262
3694
5036
4100
2300
980
2404
7347
8681
7405
6593
8817
2297
2277
883
8315
6281
9746
7870
7068
6620
6110
1412
8168
2308
1538
1260
3077
3809
7305
7315
4515
7997
1201
6221
4871
6645
9730
6606
2722
42
7136
9940
6796
8446
990
7074
7103
6789
9873
9623
7903
7249
5387
9049
6823
149
12
24
1116
752
2466
446
9234
7640
9740
6764
9509
1789
5425
8539
1217
1579
3047
2931
2751
2839
1254
3870
2476
5546
846
754
468
3996
9166
7188
4649
8041
1129
6973
9779
2971
5745
3167
4981
4139
9016
3898
1568
1004
8690
7838
4834
3702
9584
6772
3073
7289
4865
1915
9137
7701
6217
5135
3405
4119
9086
7688
1732
6082
9428
2710
5888
1946
3170
9446
5303
6143
3761
3887
9145
9627
9941
7125
8305
1983
7900
3418
6882
2752
7266
8578
4598
7698
8648
9108
5581
5553
5623
3129
9807
7579
9679
2153
4073
7107
2334
7692
9330
894
8064
8552
8406
8120
8720
2286
9787
1483
9331
2677
3369
9917
79
4333
8369
6811
1712
8686
2420
2448
6308
928
384
5272
4850
9074
7571
2389
5521
6421
8353
8493
5119
933
2595
451
2128
3836
3816
9698
9814
8350
8448
9604
9328
884
2683
4735
3121
3297
5539
6843
4327
5457
8157
9941
6186
2654
9830
7778
7970
2406
8584
6154
7396
1870
5143
1705
4935
9397
2915
4899
2783
8361
3279
9487
1910
2942
9276
5970
1200
1472
9356
7638
1886
9192
9857
8803
3909
4853
3757
2539
3155
1327
3179
999
538
3462
8884
7012
1126
6268
1382
1106
9850
1118
9857
4655
5217
2147
3199
9779
6651
7999
5593
6779
9330
2712
2078
5610
502
7648
3588
2394
7580
8692
3789
3743
9691
6077
6763
3357
7233
2293
9543
9681
1184
126
7446
6830
8926
6666
4092
6772
2180
3940
7041
5445
7649
4585
8917
1587
1455
3253
7413
2997
6438
3980
1972
54
9642
8926
9592
664
4436
6898
839
8987
2457
2961
5483
5107
7641
2779
735
7333
2306
2094
172
1322
6284
3342
7510
216
9738
2142
9181
7705
1131
3753
3877
9811
4269
9653
6951
2233
2052
1314
4292
3680
8410
1908
4612
3198
4022
1992
3915
4929
9367
2819
3429
2867
1043
1225
9861
2789
6800
250
4218
5710
3110
9152
9664
3724
3234
8368
7929
3565
7331
3715
3267
1135
3207
7441
6411
9449
5240
124
8058
3672
9530
1542
9574
3446
2492
9850
2859
1019
3947
6199
6719
5297
2699
3183
5663
299
9210
4894
8700
2446
618
5614
2880
7342
3122
1408
7209
3601
6429
6899
4783
5019
9979
7437
7077
9767
1972
6818
1930
1684
8394
9472
5892
1974
9766
8120
6649
5449
2531
2099
4207
4911
8349
1101
5953
3463
2046
3890
5420
1874
4380
4126
5496
7486
9694
2926
9133
8367
2813
3693
569
4671
3663
7623
3413
2927
5140
3632
6130
3636
1184
6684
1344
9174
5410
9544
2755
523
1387
7593
307
5535
9513
3829
2957
2865
1050
7644
7370
7498
7956
1880
4130
4186
8312
2602
9929
5989
4821
2359
6045
899
9941
9877
8351
233
1624
6936
122
9586
9680
4856
1444
1774
7246
8050
3963
4791
933
1803
8573
5457
7161
3199
4197
6797
7566
632
3284
9980
2330
5386
4700
3248
9002
7872
7011
9063
8717
8051
3755
4103
6545
1923
147
3615
7102
1112
5236
3686
4646
480
9662
6626
5766
5698
3445
8129
7561
185
6543
9897
4357
3815
7619
4041
5898
3058
5962
7188
372
6698
5184
3002
3852
8272
4953
6499
4641
1921
5383
9959
9879
4299
7057
7127
3422
3590
5536
3330
4356
6528
9658
5008
7028
5192
1699
6189
3125
9253
1007
6823
9857
8053
275
6667
2500
370
9840
8794
4080
6826
6668
4660
1860
4794
6509
3815
2889
1905
1403
1029
9407
6031
9355
5391
6906
5886
3564
4766
3404
9952
2742
1302
2506
4356
5631
8789
5679
7879
3925
4629
3481
3575
3273
8283
7952
3916
4276
5138
2208
6572
6060
4084
6762
9284
3493
9333
6323
1565
3307
1293
469
7613
8415
7535
2312
2868
522
4108
7026
228
4766
7942
7384
9622
9269
33
3055
407
7263
6385
3083
1383
2309
5529
9428
6540
8706
1760
3614
4062
4766
6130
5456
6050
203
7539
3673
541
5581
2145
9105
2239
9339
5133
2110
708
5640
8070
2800
4128
5466
5602
8144
1540
7203
6467
3051
6469
1627
563
3879
7799
2751
9903
3230
8540
9118
3998
1886
9312
902
7810
2406
2630
1351
4121
4825
9249
5015
5157
6521
7177
263
1367
8274
9860
4586
3400
9404
5826
1522
9208
7988
7384
9145
613
3425
6185
563
8967
6115
6751
4239
943
1096
3552
3610
8606
8686
5846
576
9524
4830
9492
5333
6667
8273
9877
1119
9519
7615
5639
9725
4343
6098
3242
8570
7584
2940
7536
8460
7396
704
2552
5047
83
1029
811
1865
4355
3661
6759
5281
945
2036
6136
202
9552
5500
2184
3686
3912
6936
4334
8133
1545
9175
5561
4309
7689
3293
7847
7413
6407
9616
1582
9468
9972
8806
728
3168
2976
8164
2136
567
5931
7853
7719
909
7395
4391
6605
4107
2169
7122
58
9118
1366
1892
5676
8674
1150
8758
940
3047
3119
8733
2465
8001
393
59
2683
3899
2093
6758
8718
476
5164
482
7980
9654
9632
7166
7146
6413
2197
8447
6289
2441
1263
949
7903
3747
9529
3280
3350
1340
5966
5236
3522
134
5764
3980
8502
511
7939
893
1451
2349
2139
7605
9961
4349
3545
8722
1042
7358
9714
1992
3368
6684
3382
886
8912
7725
8553
3131
7403
9133
3077
7357
725
2439
4933
2320
6616
1086
1700
7870
3684
2630
1884
3056
7648
9931
7855
6027
9725
5993
7915
9099
2683
69
5381
1444
5468
2678
6494
274
7696
4846
9238
7530
8064
8923
5057
4461
5923
4117
7307
1901
2109
4143
7473
2196
4704
4308
498
380
8440
7992
2380
7822
8128
5893
7267
6033
5159
9851
1381
9045
2029
1725
6151
8350
3372
9692
8932
6698
8910
7300
3222
6144
3684
3137
3197
3353
7055
6965
6923
1777
1915
5251
951
7716
1426
9134
88
4540
278
7222
9998
2868
8934
3399
6721
1999
5429
4149
5981
3897
7011
1021
6011
6044
5438
1432
5376
4766
6580
2006
8154
3374
380
1121
6643
2503
391
8817
4183
815
9363
7579
2241
1876
7196
4156
2594
7130
4258
7740
8452
108
3650
5033
8325
673
6315
1663
6279
3629
4477
2903
2837
1310
8230
6342
638
6624
1428
3462
6758
5172
674
33
8919
1047
1747
2829
7419
5291
1307
7721
9835
5176
1762
9800
5822
4640
4456
6582
6924
4742
3316
6387
2597
1729
6235
725
5411
3827
5145
1045
5553
6454
9710
8298
9910
746
6444
5220
5444
6558
9572
5319
2281
6683
1395
3237
6235
2289
6057
6211
8733
936
1086
8096
7646
9600
9828
7114
1994
7142
6826
5807
7431
6121
5533
5917
6313
6103
1337
3367
8069
6860
700
7034
3112
6782
28
4264
3322
750
240
3769
1121
641
7101
1889
1629
3893
2831
8953
3691
3886
874
3362
6876
1156
0
750
4214
3164
2120
8805
2373
5471
9803
2905
8413
9887
9853
2003
8771
6574
6722
7552
8209
9161
7251
1547
7355
4577
5489
4385
9045
599
1633
3497
8597
353
483
7641
2859
8563
2561
9885
553
5937
1659
9029
8289
4155
2875
9295
2139
7019
81
9761
1895
4363
7853
7557
8323
9141
7697
5457
9237
1353
9257
3519
7063
4765
8077
1221
8403
9119
3979
1433
2407
3495
2887
3275
1701
9345
6151
1937
6643
5975
9237
8677
9993
4523
1265
6529
6313
4031
7531
7823
3619
7889
2501
6455
3779
2235
7743
4807
5945
7533
6825
8699
3975
2837
3937
2875
7483
5413
7897
4103
3977
185
5797
3973
2899
605
5801
7773
9387
4147
5175
2471
8695
4825
3087
5589
5153
8517
4805
3959
3911
1769
1487
2487
1101
