6402
4154
3564
3088
752
7860
6538
8608
6872
7878
1205
4297
5835
7273
9149
3919
8473
9759
9031
6037
3568
5490
5940
1486
9812
8432
5262
4990
4344
8544
2953
1661
1335
7651
2977
9719
1049
8057
6247
9805
5286
9120
3062
7058
7666
1028
4390
8996
3194
7716
1509
7611
9837
6931
4355
5095
1341
8549
7459
919
5844
734
5044
3084
7218
9632
9190
6730
2158
9868
1477
7727
4931
2923
4509
1173
1637
2373
9369
3773
4996
9900
5442
772
1536
7202
7064
5192
2768
3392
1511
1639
363
9503
2377
851
3877
5161
2591
6109
1790
880
2676
942
9460
3892
6368
4104
9552
1044
2311
5487
2125
751
7381
6401
8127
6879
5551
2241
9344
3830
9320
1052
6196
9968
8174
6646
6340
1746
3857
8779
3573
3223
9787
5065
883
7019
2749
8239
9522
40
3336
7332
6004
8584
6560
988
8640
4176
5943
8055
237
1449
1849
4983
8765
3461
6817
3661
7690
3556
9312
8954
996
564
3934
2650
6556
4604
5695
8003
963
8959
1823
6759
4615
4915
3223
3289
4690
2476
1484
6316
3922
4764
6304
4922
3454
5792
6281
4017
8727
5367
5473
6677
6643
9749
1509
7979
9864
2972
56
1134
8480
1010
4878
326
3082
4352
5651
3919
5193
7449
2143
5055
4119
6285
6389
4735
7740
2922
7088
3360
3152
5936
2020
886
3188
3798
259
9759
4337
7905
1769
8851
2161
7581
7249
9675
5426
9736
6972
7666
94
2642
6548
6168
3220
3992
1953
1397
699
9323
7927
3285
3003
8895
2445
4517
384
8364
1656
2960
4112
5304
5700
746
1732
6052
5819
9869
6977
711
3297
6659
7955
5051
9255
6595
5012
5572
1938
3312
7836
1572
138
1278
4440
8286
9487
7131
3787
7389
2817
4105
5585
2907
3409
9543
1106
3624
2334
1246
1790
2092
8650
1108
5088
8018
5137
8085
1489
535
3861
4253
5729
7653
7791
4423
7766
88
9450
7978
3078
5624
8718
5396
4428
702
1209
5081
5671
7127
2991
8993
8947
4343
8147
525
7270
2140
1082
3508
8584
5248
1358
8150
3028
3140
9151
9617
4559
9705
3875
3345
847
9007
795
5749
4024
6130
1880
5704
9202
3236
2968
2276
9050
3300
2445
6327
8193
4315
1801
3229
9167
6099
6813
2457
940
7496
7600
7820
8480
754
7650
7096
290
5520
8317
1359
6471
1625
8145
727
4079
6373
6863
6519
2284
7438
1650
478
1964
8580
5970
498
7060
6958
8773
9477
1507
4981
6855
257
4847
4825
941
1527
1116
6466
2292
4524
936
2120
2752
2282
6192
5520
9131
1205
279
5633
147
9745
171
6775
2427
7825
1572
2390
3736
7152
7578
3002
5490
8832
192
8404
727
4755
819
5921
9213
2961
4707
2069
6147
343
3408
7430
3288
6974
9576
1114
7720
2352
2052
8842
7003
343
8959
8895
1179
3495
499
3819
8675
983
1346
7318
9032
5464
656
9772
4964
9128
9094
5128
53
6189
7519
6463
6659
3805
5573
655
5873
5317
5616
1254
3912
4098
6496
5996
8730
7994
8968
2410
153
5217
4263
3661
6125
5117
8589
2691
6367
4637
3166
380
8644
4266
5506
2270
1024
328
9874
9720
425
1069
5025
9363
1343
7549
9363
4457
335
335
9686
3088
6058
1702
7740
9328
4814
9896
5956
6066
5313
6701
3189
6775
5505
6095
8481
6121
5507
7133
2772
1338
7666
288
3194
458
8488
4908
8510
4014
9679
7009
7169
2831
3949
4345
9553
7067
8861
785
8950
5962
2224
7170
770
5896
4196
5188
7148
5900
8249
4481
3493
7547
8601
3263
9971
7109
7537
2903
478
4946
9042
5832
7870
3626
1854
344
518
1144
7147
8897
1503
7091
4267
1073
3299
4235
457
997
8124
3824
1368
4110
5652
9938
6246
3608
2290
10000
5779
3793
1987
1667
5173
2691
9955
1913
5845
6655
8622
8776
7574
7888
2356
7254
2646
6254
2896
3318
4241
2625
3189
8347
7605
3021
691
8915
7867
3915
8390
7018
9900
3426
2308
7002
6440
9342
8500
3048
5679
4881
751
2897
5905
479
8009
5125
2233
7131
9768
5216
1306
9158
4514
2134
2174
4752
8186
2404
1701
1613
2145
5899
8979
3335
3395
8683
4467
325
2364
2554
2458
9532
7246
8112
5414
4460
1720
3620
7809
2361
9345
2783
2887
2709
1297
6675
7543
6433
4826
8652
1224
9806
2700
5972
6652
4450
3636
2630
7631
4995
7391
385
4357
5255
911
7025
4787
3069
4106
3688
7372
7052
3546
80
3654
1596
9006
1758
6125
8345
4015
6375
7819
8619
9441
8145
5379
7319
9978
2938
5330
7926
816
1178
1580
406
4036
9232
5259
4119
8787
5685
1897
5777
6207
6625
8619
199
662
6624
6188
8168
212
5846
5748
5706
6802
8368
9915
6251
9789
1837
8761
8547
9179
8547
8507
4077
8834
4092
7182
7586
7918
7666
6386
7402
2816
8656
8331
219
3181
9137
9489
2659
8535
197
3313
1787
4740
8962
3290
8014
9360
1378
1766
1864
4972
6102
3971
5803
3229
3747
3947
5641
4079
7187
8249
1169
5324
4458
9892
4850
6016
9488
9150
8110
4370
9434
2665
2055
847
1017
6827
3451
9719
6375
1703
7585
1766
8132
3116
6894
6730
6926
4496
3730
8772
6050
8871
3909
5729
4071
7947
981
9517
5217
1895
753
3056
8766
5314
7168
2726
6982
9214
3128
8504
752
6665
7949
3861
5345
6561
5935
9663
8159
7617
9317
4884
586
4618
3430
8410
114
864
7458
9456
6962
6401
233
6489
4191
9757
4593
6719
1385
4513
69
4558
9670
4150
3714
5548
8350
3256
5766
2660
8748
4997
9125
8813
8321
5163
2307
3183
8939
3219
7977
7900
2250
4784
1398
7228
5404
5258
2522
4432
6698
2057
3581
715
7391
4921
2703
3513
509
7857
3735
3304
1674
4952
7186
3086
454
6724
9818
7802
9978
5399
4727
2601
5587
783
7017
3123
5219
6777
6311
7774
5340
2386
2744
2654
3520
2946
8154
6906
8316
1467
3141
5469
7713
8349
9051
8965
5249
4817
5337
4466
1936
8472
7054
6420
6574
5132
2984
9210
2408
1145
8889
9531
6391
6911
5745
3373
1091
7773
3067
7968
3170
2962
7788
7958
5586
8916
4040
3900
1906
2341
2395
5925
1359
2479
6803
8045
2711
6793
6661
360
6862
1556
9220
1972
3296
9436
7302
2574
7640
2745
4039
2131
6807
8907
3581
7071
1475
4105
4037
5934
7656
9610
6278
1370
3690
8092
1774
1370
9634
2869
5167
9525
6787
4261
1907
789
1233
8663
6093
5100
7656
7026
4194
3586
7448
9246
7290
8824
6932
4855
1103
3055
8147
4771
1239
2143
2977
4319
791
2368
5068
8410
3846
1848
9436
5410
5556
3296
2734
447
6759
6851
609
9183
1575
4879
6929
2259
1605
6084
5860
4458
4452
7148
7424
7340
2342
7468
6332
677
5617
705
4901
1403
8889
4041
9335
6743
2179
922
2628
4922
7558
9278
2850
1328
220
6834
948
127
5571
5695
2381
9197
1187
1735
8813
2231
8759
8778
1004
9468
8738
4406
8744
616
1390
9044
3936
3683
315
3119
5843
4873
8329
1901
605
5673
8171
8068
358
7842
3726
1922
534
6638
9654
1200
8070
4851
9163
3553
9807
49
6643
1527
5855
4329
1489
1132
7750
5338
2958
8146
520
1682
2998
2386
6744
543
845
1137
6165
5821
205
2347
9551
2929
5023
6922
9694
1856
1878
5792
8324
6282
5806
8454
7262
6641
349
8133
9091
7703
2747
2369
1071
4339
6931
660
1192
7028
9728
7252
9694
8022
4432
7514
7444
3935
9611
4749
7741
7345
2471
2615
9313
8677
1931
1642
8268
5148
9952
7546
3252
8678
3160
4586
8542
385
9423
3045
2097
2021
4395
2597
173
4739
9127
4740
102
8426
1940
8472
6610
2480
7506
7620
6596
5377
1985
3239
9089
2111
9401
5297
943
9467
7587
224
894
8312
5172
8434
3232
2716
9930
7482
4416
4353
5685
5185
2087
573
9429
25
9217
2261
1423
9132
9256
4838
7046
3144
4530
5694
8256
4744
7858
685
5335
6379
4519
9677
8313
8737
5589
1973
5311
2044
9032
2888
4000
6798
3652
4902
5930
4594
2128
257
5239
9623
8743
8145
923
6711
8261
2881
2081
7530
1692
7284
6038
3710
5762
5992
6542
3560
3880
6499
3355
3227
2351
9901
9367
3337
611
4951
759
1558
4376
5228
4216
4774
8168
594
2418
8906
3770
8575
1403
4329
5193
3845
5903
9181
6619
3217
29
2306
2706
7050
5744
6650
2902
888
8542
4356
7768
7033
1841
1975
3299
2589
2499
9093
5581
7657
857
3334
9424
6772
3606
2086
5176
2210
9470
1466
6712
3913
1485
1293
9393
4733
1361
11
6833
7485
6723
4612
6654
8656
3432
5666
7728
6648
5182
1702
7666
21
7183
7069
2939
8423
5979
5497
9711
2279
7001
2656
2380
3308
8896
6012
7852
1792
5726
1102
2386
5197
8957
3581
831
4437
5111
5999
5213
757
9821
6306
6984
7816
1394
1460
532
4286
5444
7994
9536
9635
7963
4251
6629
4699
4075
9599
1827
9745
6059
2102
8692
3782
2334
3056
3606
6406
8004
4682
224
3303
3873
963
9413
7145
7429
7575
6425
6021
5119
7452
2756
3662
1718
9862
2638
310
2884
9578
5694
633
9283
2755
4151
4473
2429
8631
3245
4597
2165
376
7576
9928
9556
5082
2514
2580
6960
8066
644
359
2729
9309
239
6501
2199
6841
2485
6887
1669
7302
2910
3388
6536
3584
288
5320
9002
4134
7506
9587
8811
4985
3519
6315
3969
4801
5191
2545
4991
9894
1026
1872
4148
4988
8260
812
1816
1790
4930
375
897
2303
8633
6449
5223
5185
323
2001
5433
1000
2864
5034
8032
4856
2082
7026
790
804
4136
8365
5025
8461
8391
1261
7399
8617
269
7729
6975
2464
1272
6532
2310
6576
9288
9436
7484
8638
8142
9547
3335
4067
3465
2729
29
6159
5907
4809
8363
802
5778
8478
5284
3200
8998
8618
4516
9766
9754
5351
9137
1847
8837
4089
8539
361
5783
4069
1587
9694
2082
8140
6336
3602
8286
1214
6704
5114
7628
4111
5429
1747
8699
5061
4901
8877
7541
7133
4477
8848
424
5766
3232
4102
824
6484
1910
1936
64
3803
8141
6459
1343
7961
6943
8681
3141
6391
275
1240
6042
2340
3594
8738
6214
5810
6546
1312
2742
9027
4495
8869
7343
7045
7185
9673
9365
4743
5925
9340
1464
2100
912
2934
4574
7976
3512
1946
2504
3319
7503
2129
7687
4553
4389
2417
4277
6989
161
5140
1194
2800
7492
40
9792
1394
9104
7984
9464
4067
6811
5617
8029
8613
7037
2767
4995
4199
8073
3912
3484
4370
3398
3254
6068
1980
2680
490
2526
2961
8609
9985
8381
5045
8967
1823
967
3043
7487
9594
4718
9528
9978
452
9880
386
2358
634
6418
7267
2515
7465
5031
4477
9267
9975
2773
3205
5251
8950
7732
4860
756
1928
2888
6184
4182
7660
6556
4633
1105
1115
5869
8153
751
6793
6501
8709
1685
4256
9466
760
1478
5332
1980
634
5834
4228
5442
8497
3139
1821
7341
869
673
471
8299
9419
3237
7098
9992
3544
5910
7830
5182
9678
496
478
50
2855
1969
9561
3105
9445
6449
2429
6059
8825
7753
6100
5998
4058
3830
3576
1138
5758
964
1396
4670
3859
5765
9829
9789
2351
8611
615
7087
1047
13
334
8490
2952
9672
2732
9780
9544
6280
1624
8526
3905
281
1405
2893
1263
9389
6017
8089
8105
9651
1362
8822
1216
3090
320
4480
9866
4576
9764
5730
1619
107
7611
8957
1111
483
8493
7359
1685
849
3098
5512
3914
1582
6700
7596
1802
4916
1932
7538
357
9531
9437
3379
4279
4161
4363
8111
7409
15
9186
8293
5527
7167
823
9
7163
7037
7279
8223
4019
3053
95
1289
503
7555
4095
3121
1887
2793
7561
1507
9221
1525
9111
3435
1873
1731
7895
7409
745
601
6189
1781
1653
7105
1449
9111
5047
2041
7241
3797
7685
5447
1143
8737
1349
2565
7911
6359
1165
4239
5193
699
585
5153
1999
8427
2965
3695
