2560
2238
8092
2870
2916
3558
8294
794
7108
560
3945
5659
3477
199
2915
4795
3789
4175
941
7485
504
2
4872
7598
5760
5270
6018
7284
9928
2460
8043
2441
5283
1207
6507
8293
8357
8915
6785
5203
5014
2498
2332
7586
6244
4460
9240
7636
6258
2984
587
2303
435
2667
4541
6889
2561
3117
6675
9127
298
5268
7008
538
3166
146
8084
4856
9344
8398
1621
7187
9747
9531
8635
819
3557
4349
7905
1623
8708
3846
820
5012
1474
1898
2488
4872
2952
9832
9121
2185
2027
5549
8283
2437
171
9505
4717
3255
5008
6194
6190
2658
5610
4950
2674
9406
3288
9242
8793
245
3325
6303
9397
2409
2705
6197
3717
581
1070
5674
2198
3606
7640
5732
8160
3450
1122
4060
3885
8985
6357
3661
4713
2855
1273
2321
1229
3579
1752
960
3548
8748
2514
590
4388
864
704
1624
4611
3493
8987
3677
9489
4779
9119
2439
8887
3271
4816
4728
4780
7520
4444
8200
1394
1422
3272
330
63
603
2687
3263
1943
3913
2993
1431
7251
2657
6786
2174
4312
8334
854
3042
1446
7258
458
96
8181
3283
8213
7149
5961
757
8639
5441
9533
735
8124
6048
1404
1734
5068
4626
9894
7192
1024
1998
4221
2711
1909
1069
5657
3
9831
3651
6237
1601
6742
4894
5242
4028
2092
2792
4822
7528
5464
7562
4557
931
6295
1143
7569
5959
9135
7267
5825
7961
926
5954
7310
3652
6970
682
3442
502
8824
8802
9363
4799
3559
7147
995
5721
9423
6901
7063
5047
6540
3710
7822
372
7888
3284
8506
7574
4356
750
5147
1479
8579
447
1931
205
7845
2977
3855
4923
1740
2178
766
9470
7318
3784
6756
5946
2938
1112
9579
5341
8951
6175
9003
1579
5915
4675
3825
7631
9932
3260
6980
4216
9028
7616
9926
4816
5358
868
1605
5185
7627
6437
7945
7879
4875
4905
9407
4171
5374
4964
4452
2850
2282
6602
182
1550
6220
9248
5093
1085
9659
6251
6425
5301
9387
3477
111
2057
7784
9188
6614
9092
812
1210
1996
8804
4080
7574
821
2229
6101
4483
2481
6809
7671
7335
6455
993
6456
5452
2884
4082
3664
7644
8958
8250
6810
3462
7553
1307
7877
8691
4471
8591
2949
541
8217
3715
3176
7768
5446
3066
3364
7742
1740
4782
2156
4516
6405
4523
2761
9587
9197
8165
4271
6773
1239
4859
7352
7578
8774
3590
7628
8644
6862
3116
6678
6822
5019
8507
5945
8855
5311
6717
3291
6369
2547
6873
5952
426
3862
9452
6882
4944
8476
5918
4846
4378
7533
1481
9485
5629
1225
4963
7037
869
1837
4067
8172
576
3872
1834
8850
8764
3026
3196
7718
6238
7073
9509
7133
1751
5611
3559
2551
893
7487
5683
9806
1664
9522
5222
7850
2142
4864
4444
5180
9428
5297
9897
455
4189
6671
7325
7785
1159
8399
9935
1448
4596
1120
5730
1700
9144
9268
4392
2618
4018
7503
6301
5893
9509
3993
3329
273
469
1541
1863
986
1578
8764
8126
2722
8726
3698
9680
4212
6890
5921
9101
5277
3567
3145
671
4513
5161
2593
2883
3510
1624
224
5372
1160
3028
9414
890
8114
9410
9123
1305
2111
9973
1851
6059
1785
1801
9115
1125
7224
676
2814
9042
7344
1048
7264
9080
5292
1922
4447
7767
6245
7297
3105
6401
745
295
4191
7469
8090
8008
3972
2188
8502
5248
7816
1750
8082
9660
1067
5453
9417
6815
4105
9477
3901
1371
2097
9319
5154
7280
888
3040
7796
5252
4306
5046
14
1914
8985
8925
7723
1861
4295
6319
4189
8939
3247
5947
3014
3570
7900
4470
5510
1918
8482
9922
2682
2140
349
1967
2661
5659
7367
1269
7479
8625
3351
7407
6086
2316
6674
7036
9410
506
706
4004
9950
648
9811
377
1639
6235
41
6497
8237
5147
7679
1033
2582
4560
7518
7382
6092
3554
3042
3090
1884
1676
2301
7173
1561
3675
577
943
7453
3405
1621
5897
3896
5560
9950
2066
1308
2896
9406
6482
1234
1084
337
7311
2261
983
9847
8035
2871
9981
5765
4485
3652
6310
8952
8952
5516
6208
9120
1620
8474
9444
6907
3489
6787
6405
7635
7851
7741
55
2117
1495
8044
8616
1776
7424
2768
458
7778
4178
760
8310
1845
439
5173
799
8769
3333
8997
2873
7127
3771
3070
5352
3372
1344
4260
3440
3254
7808
7700
5088
9083
8749
9191
663
5249
1205
6305
8675
3485
359
8914
7788
6982
1750
4948
8104
1572
3236
9006
3592
3671
1827
4053
6707
667
57
3671
3561
9215
5907
5996
7724
6732
6728
1850
7906
934
2606
7262
8726
5811
695
3963
7263
6023
2315
9949
6205
879
807
6014
2422
6998
3028
2624
4336
9038
6290
7156
9042
1429
2323
1041
4485
7715
9027
495
377
1645
459
6952
8702
3010
7194
7888
2492
8636
8392
7638
9772
5781
8915
9045
3273
2839
7213
6317
8251
8687
147
5318
5784
3956
6388
8498
6102
4004
6600
7772
7486
901
5797
7167
8227
2039
5845
9107
4545
6115
9253
4458
8946
6366
90
2712
3870
9836
952
8676
3380
9941
5211
5097
9883
2463
3813
2795
2443
8673
1043
9622
5188
8842
6834
2016
2142
7298
7472
2078
4220
6195
1677
4233
7501
9041
3731
4011
9033
1605
3309
9984
1564
5496
9492
3652
7688
3494
52
6540
4262
8767
2669
3865
6339
8703
8873
243
7183
4769
8647
8082
7396
7846
4822
8948
2832
4928
9274
2362
6020
667
891
2961
9323
2331
2717
7403
7273
3807
8671
2018
7354
6562
1928
9300
8628
3080
5860
9916
8602
9979
7109
4537
809
6221
2689
8137
2197
1279
7417
7058
5042
8148
8344
1316
8348
9446
8306
8672
7216
5205
2249
3799
5905
3999
7213
5667
6597
2855
6809
4348
9940
9936
7254
5424
1706
3878
6068
1200
594
3597
8267
2751
2407
8037
2127
2449
9821
4991
2943
6478
5448
2106
8432
4246
6762
5082
8650
5398
4528
8359
741
7577
6141
6097
5775
961
5111
7407
6597
7884
2202
5798
2638
2674
2270
9168
5550
3982
1296
5027
6575
6727
1959
9053
7747
3157
8421
7583
8625
7568
9846
7742
6934
3954
4726
1310
3430
8120
2790
4571
8465
973
1511
9135
3799
3131
7419
9201
4259
7964
4998
5968
4826
8502
5416
1574
8446
5462
6188
659
7883
6983
801
3467
8397
7575
3071
3843
8965
5266
998
3976
3396
2080
16
3098
8762
2832
5150
7891
1073
2137
8013
4039
1053
9113
2953
511
4363
9746
5028
7674
5920
7126
504
7148
2438
2836
9818
5773
499
4427
8937
9465
7423
7311
7723
9321
5989
6808
6062
4996
4864
7512
30
3676
3326
5746
9948
8587
4317
571
6493
5981
701
7363
2569
2775
6563
4810
2564
9866
9916
6980
9402
7050
7468
1714
6866
4169
8891
3677
1909
6341
7619
8253
3785
4547
3873
6656
7428
9996
2504
6328
2104
7618
808
5484
5620
7227
437
4797
2885
7545
9487
3269
7811
5505
2927
118
6700
6348
1710
3180
654
3122
8492
9270
8970
9535
5021
9773
1091
4267
8939
4787
1657
9967
663
7998
5040
9918
758
4414
2618
6636
2620
5106
1976
9217
693
3837
6655
6955
7141
9179
5103
4911
5103
4232
106
8944
9250
7376
4234
1070
9722
4718
1834
3629
8123
6073
5897
6471
9185
8877
1947
2941
4565
9100
920
5916
4972
3166
5592
4014
4422
9738
9714
1527
657
3777
9905
7179
6923
1453
157
8815
97
7112
7200
3876
4282
9024
1766
1188
6504
2804
5586
9399
9325
3447
8809
1023
109
8075
9023
4149
2587
6308
7592
2216
3054
228
6218
5836
9280
4664
3620
4875
8071
5651
6593
1803
7399
3759
3533
441
3973
9754
8468
1964
4634
9012
6972
5212
2432
6366
5826
1937
7843
3417
2677
1485
6867
4885
7285
9593
1681
5376
8426
9122
5488
4504
834
8334
5070
7114
2108
6839
8581
5787
8859
1369
4935
9459
9039
4605
8015
2440
8886
9622
6152
6998
7384
1966
4046
4236
9178
1475
6687
2351
9077
7207
8105
8749
1335
387
2297
8590
7718
9080
3446
2546
398
5978
3808
7120
7954
9139
4263
1957
3077
9575
3331
8291
2675
6011
8723
5220
312
4436
8638
4906
9654
2946
6322
9222
8128
3051
8653
9541
6327
8703
477
9093
4633
4567
1469
982
5022
6348
506
5424
6746
9080
8144
3946
9162
2211
5531
3289
5621
4519
4941
87
235
4159
7979
4700
5434
906
7046
3952
8668
2344
2184
2490
5152
1965
7897
1273
2625
9197
3045
1235
991
3219
5201
220
6144
4450
4258
8164
8078
7170
5420
2402
8202
575
3887
2421
1335
1789
6539
2327
5123
497
6363
1380
5410
5576
5234
6268
4346
1730
6912
9744
2460
7017
7325
1445
1359
3617
885
8217
7567
7531
9595
70
36
2158
1536
5542
4402
3128
5978
7244
8394
4939
7141
5067
679
9967
2771
1517
4425
8951
9713
4482
1628
3070
1716
5078
7744
2564
2832
8818
7792
3055
3399
821
3013
419
1243
6821
6287
3207
7553
4772
8612
9690
5370
6464
2154
7320
48
8608
2284
4683
3955
3359
1105
4313
1731
7697
8397
919
6931
7270
6638
4644
2062
8226
4042
6336
9656
460
4070
8777
693
5759
9437
8979
7551
6055
7749
1707
1761
4706
778
1034
9964
4328
6368
4294
9436
258
3954
3729
7009
8717
649
3721
6985
3319
1911
5143
9711
2800
2036
7768
1958
6376
8354
6526
3426
8014
8360
3971
479
8491
4655
8839
5517
7061
175
6807
2723
4786
6968
624
8546
9778
6044
4262
5866
9210
996
7319
6563
1953
405
1039
7817
757
1805
8031
6583
2322
1348
848
1536
4020
8996
1026
598
5314
7166
4109
3903
3677
4079
8175
1249
1793
319
7795
9049
578
252
2596
6294
8290
3078
1018
2496
8454
1148
4197
3919
6759
1137
5943
1199
9577
7937
3613
9689
7986
2740
9940
806
3392
1556
4320
2616
5384
6720
4881
6057
3889
733
3383
1169
9263
5061
2619
9849
7540
5894
3002
6680
3484
7032
7332
7398
9656
8012
9287
1973
4569
8801
2003
5823
5171
9969
4845
1137
9038
3444
8914
5904
9912
432
7778
4902
6850
394
8271
1271
9103
2247
4509
5177
107
7555
9735
9455
5524
3550
1040
76
5202
7904
3580
9268
588
3562
8749
213
677
3285
4123
7643
8921
6883
5729
5619
2492
1024
3156
4062
550
8570
4618
8604
2026
6852
4613
5537
3063
5525
3849
3169
2325
3357
377
7499
8016
8178
140
6484
4058
6998
4904
7592
6912
9996
329
5811
1589
1795
5075
8345
7695
4981
3913
5411
1150
2220
4354
1896
5950
3160
5548
9036
1342
9056
3453
9987
369
7001
3703
2287
813
2245
7013
8955
5148
2894
106
2606
1952
9038
7382
1234
4302
3504
2189
9807
5891
3979
517
6585
541
403
9285
2733
2208
6180
6412
6652
3400
6630
8444
5696
3152
2492
4455
2909
7641
4349
3777
8603
3807
7321
4611
1473
5920
58
7122
3752
6262
1788
5230
6122
4390
2918
6201
4339
3871
7563
2947
5691
3587
2375
1191
835
8758
9492
9196
8986
5944
6554
5026
4508
3284
8682
8519
4211
9959
2943
9775
5237
4135
7753
5951
3883
5758
6870
8056
2218
4014
4416
8900
8382
576
9886
8701
9815
825
421
3897
1273
2111
1121
9833
7747
3600
1268
5822
6694
5060
9494
300
4834
4238
7488
5393
7277
6129
5119
8731
1211
6149
7663
8665
557
8076
4180
3120
3050
7936
2742
7478
7316
3730
582
29
7285
3795
9309
973
4734
462
4370
8378
9480
2176
2130
1888
3306
3850
8628
2438
8128
3362
1272
5072
114
1870
8684
7998
7470
8650
7296
7674
390
5538
8828
2598
5298
5258
9636
4714
4218
3872
9108
5440
2538
1500
2070
6318
5620
6614
5800
1420
930
9852
1082
976
4764
6890
6908
4622
5330
3240
1236
728
4606
7440
7984
4546
1658
8738
3534
526
3032
6566
960
5236
6094
4036
5086
2732
9456
390
456
5246
2540
4428
5970
7132
3590
6446
9710
7838
4176
