1966
1950
5668
9968
2216
5602
1140
6552
4264
9106
3441
5435
6725
8857
3989
2331
8969
5363
1077
713
5954
3840
1790
8818
8504
6144
7516
4676
9162
5528
2003
9907
1533
1135
8681
4999
3779
8889
3383
6723
8840
9272
2966
7944
3684
7318
2042
4140
296
2282
5737
2569
8299
6153
2239
2445
5577
2937
2325
517
988
7024
1522
728
596
5970
3092
2800
7806
4978
5467
9735
2843
8449
7165
5571
5443
7051
4601
7227
3342
8352
2352
6192
1480
9088
8048
9658
5992
2460
4839
8361
5323
2883
7095
9993
4103
9999
2047
2699
8092
1754
8498
4444
948
342
486
3246
6694
4354
5305
9855
1055
7855
4487
8945
8367
7627
1375
4557
3996
9190
9420
3012
4490
4982
7822
1920
9982
6212
9161
6885
9841
8043
1097
1007
447
1613
2873
7061
2646
7542
680
2150
8364
6132
9774
5676
510
2074
8295
4631
7861
1705
635
4051
3891
3427
2811
3959
7356
9308
1538
4788
8600
5540
5052
8958
228
1556
1667
2131
4879
2321
9725
3405
1303
3287
1365
459
6458
5184
9016
6744
6636
1264
9244
3974
8876
2344
9161
8629
9387
9779
2375
403
1807
7973
3193
8767
8886
4898
4404
2104
1364
9324
5494
452
6044
5654
2671
1223
6657
8699
3223
1415
2353
5029
1747
1319
6388
1120
8224
2248
1574
8438
8912
3616
3960
2376
1321
5067
6269
4363
2137
1873
5819
6901
717
5469
5424
572
7280
4266
7966
2948
4432
666
6834
190
5525
6899
2559
7627
5651
6221
9155
9045
3055
6157
7862
1352
4880
6924
2006
1904
6186
514
2540
1592
9545
8033
7209
97
4921
6581
5065
8089
647
8017
1416
94
8636
6956
6936
4800
6212
8244
9842
1340
5099
919
5513
9381
2107
797
1441
5733
6977
1299
9178
1832
1290
5656
7490
6440
6156
7072
8606
5180
4367
5831
7263
6103
8999
5869
7887
7975
2841
1641
9782
1568
3842
6422
828
4698
3098
5820
3116
588
805
2575
5021
4357
8549
1291
1051
8811
2133
5813
3696
6274
4864
4120
6468
6620
1056
8810
602
270
2987
7513
7689
2919
2171
155
2213
9069
525
9217
7410
3160
6954
9796
1386
5920
9324
2070
6828
4794
2457
9059
1697
8367
3927
3237
8713
435
5211
2319
2254
6264
8692
8218
7238
7374
8868
3402
2848
8368
8977
3125
8271
6045
7703
2061
3981
3693
8093
215
4240
1890
1326
3204
3480
7094
5146
8436
7188
1488
9971
5727
6819
5995
6879
6093
8565
7961
1631
8209
996
5270
2600
322
5892
646
3062
3890
5088
3896
6531
755
4999
8107
859
9977
3121
9889
5099
6709
302
4028
9694
6436
2872
9448
2214
9482
6914
2894
5981
3547
267
6793
4621
5775
5873
7213
3735
7613
2592
922
4654
3510
5010
7164
8714
7782
314
9038
731
1929
867
4861
3783
6647
7917
1245
9987
6743
5186
7790
8618
3728
6284
9632
7106
270
6242
4488
6759
9927
1609
8811
7027
2295
5165
6217
6257
5073
4702
2106
6686
8836
3422
2460
8692
7154
8672
4524
7599
4327
9523
1297
8221
7217
8641
979
5939
1407
4824
2448
9410
908
4372
5086
7880
3488
1802
5258
8099
6879
8729
5777
9525
9057
991
7545
1527
9061
9784
5138
4118
2
7684
2876
8608
3672
928
4172
8183
9905
6579
105
8357
1689
615
9645
611
745
2920
5926
2462
4478
7934
4922
9616
1872
9326
3206
3755
6007
9903
6741
6161
4045
3847
3285
2299
9373
5942
9388
8662
9432
2082
206
7376
8406
9014
3542
2953
489
1485
9971
8421
6499
7329
3393
5557
8517
610
8158
2118
8996
9806
8026
4930
3226
9042
9066
5361
4477
9601
2499
9337
8087
6265
3321
1075
405
5296
5678
7092
4064
9880
662
4808
348
3180
7818
8733
9329
8591
2933
8853
8697
5425
1035
5991
1201
6082
5058
8864
4010
6208
2070
6404
6758
7690
7328
6817
809
9531
7217
2919
5929
8211
3385
6831
7067
8954
6256
6786
9554
6322
3812
3150
8578
1426
9622
1039
3407
6271
6953
67
5819
395
7071
8905
869
1212
1354
6226
6736
1076
7294
5128
7406
7826
9064
4489
6359
1583
955
2597
1121
4663
2863
2441
9755
1040
740
9258
6216
2134
1708
3834
9898
5612
8596
1791
5791
7915
9067
6109
8409
9271
3811
1663
2647
2564
4398
1842
6606
6720
6078
5644
7266
6210
5854
3917
2059
9327
3645
6465
5857
4607
6609
8949
5159
9670
4134
9556
1642
1658
9982
3776
4008
8844
4254
5055
1757
6847
8127
8645
6495
7601
2147
1809
4249
3120
6290
8592
8962
5070
3448
4794
5976
8964
6522
1817
4375
3379
4173
4893
829
8439
9683
1545
9227
6042
7564
3808
5396
5746
4674
1134
4334
1520
1892
9019
6831
9651
5199
833
8323
6425
8623
641
7293
460
5148
6708
4930
5056
966
9804
3246
4776
2330
9367
1067
4309
3307
6549
3219
8709
1057
7133
2731
4826
6350
4666
6200
5908
8826
7246
5338
7040
5708
3139
5315
5211
7867
6301
1983
3897
8263
9103
1651
6004
3392
2036
66
3492
7276
1274
2064
5064
3038
5587
8581
1937
9871
6201
1897
8881
2959
6923
4347
7306
4006
8912
202
8004
118
7402
3452
9772
2330
4831
8347
3961
5265
5841
3591
7305
9123
3583
3867
510
9980
1148
328
8084
1124
9310
1950
4696
7298
3429
6975
2385
9067
2951
8351
9231
2301
7755
4157
9064
7738
5910
5052
960
7182
7786
8420
7576
6026
9851
9031
9691
4281
3963
45
4959
9211
3617
3193
4298
5716
5134
9100
3102
5512
1774
4140
6902
6932
8477
4921
6795
8137
3509
7117
4009
841
6633
4049
8686
7782
8986
4012
6058
398
1998
4504
9930
6956
2645
4787
2195
369
5125
7485
943
9011
851
2639
8230
2480
6376
3588
8714
3566
5016
5084
9674
6110
1293
831
2873
1981
7551
9287
4137
3323
6247
6581
5672
1030
3132
4262
1922
4504
588
6954
2974
1446
3703
703
7507
2091
2601
2143
9273
4823
4641
8057
6564
9670
9248
2098
9506
3572
5506
6962
6832
5218
4367
5623
6649
1309
6225
9309
2235
1249
9529
9699
8936
400
2618
994
8792
4652
7064
5936
7658
430
855
5627
2761
5901
1253
8259
2187
9327
4285
2491
8500
3262
8820
7872
1192
3430
6098
9686
5820
1260
9691
9525
5141
5027
8119
681
5433
3157
9913
5643
5816
3514
3026
1620
1446
1020
9628
3826
6674
1670
8301
8713
1425
9407
9355
5319
4991
9445
2839
2093
7032
6632
5170
5336
4816
9704
5894
3260
526
3056
4573
5297
1963
9953
3751
7263
6787
7001
345
4953
8028
5294
7026
5320
9740
9398
8542
4108
6822
5702
6315
4011
4857
2837
3179
3677
2297
2807
493
6007
6862
5938
4970
5568
9316
6548
4568
3696
9560
2146
1473
1601
6339
2795
5905
5763
513
8877
8537
801
8462
6888
6838
8148
3642
5304
9220
3942
5870
4816
3779
6013
2677
279
2817
6697
125
9441
7727
575
4894
8984
7166
444
5696
9488
2414
5556
7448
5248
3669
6723
8571
719
1463
2217
5223
3551
4301
349
7376
5216
6140
2462
5682
1386
2974
7004
8174
4364
9373
5985
9247
7531
2493
6095
3129
5117
8803
9777
3322
5030
3428
8452
1638
6020
1720
8222
5240
8396
6529
8539
6391
1627
5551
1247
9205
7365
4925
4715
3386
4032
7236
6392
950
1634
8004
6572
42
4160
65
4959
3375
9927
8129
7691
6369
8917
3981
2177
332
8554
2896
7406
8178
5014
7666
2076
82
2372
6645
1199
4679
487
6095
5113
8709
7093
699
9713
3946
8796
6088
9390
2604
8322
3020
6828
2476
2388
2569
2369
8797
6163
5835
8561
8691
3533
3839
5167
4386
614
8300
5832
600
9608
5180
6572
3832
8644
9567
2633
1103
6033
3597
9765
1025
8425
2579
517
2804
6882
5908
6808
9614
2430
9464
7252
772
4660
8981
9419
7325
9877
119
8615
9227
8157
4737
6087
3728
1086
1374
8558
2646
4382
9982
9850
9152
4892
2625
1469
7131
5175
5179
2145
7067
459
7947
353
4900
6850
1192
696
7168
1078
9562
7210
6526
4348
6123
1325
5095
2317
2119
1129
7975
3889
359
8305
7616
5600
2064
1484
5788
350
8840
5936
1186
4588
5833
8077
9713
8803
8973
7501
5685
1563
5233
6357
6652
1456
7418
9674
5606
6408
6334
6384
4548
5554
5927
2165
6541
4701
6765
2395
2109
9605
7843
895
5558
8866
2610
9174
6832
3090
5876
3118
1910
5312
5425
2639
9389
7749
8253
3551
6127
7959
1689
1373
2168
8858
9036
8520
9600
400
8942
9118
2006
9078
4709
8971
5589
5301
1815
8799
5587
1507
1767
7781
58
8442
5532
2530
8034
7690
9690
9190
5252
8118
1501
799
1211
9775
8559
3425
3979
9701
2493
231
8398
582
70
40
8708
2070
2190
8244
9326
662
4215
8903
7633
89
3133
5713
9787
9815
8787
9001
2686
7782
2534
934
2272
4474
9234
1600
9920
1986
7155
399
5255
7569
5589
243
47
5275
8017
91
192
3338
7264
6278
6922
4298
168
8490
7672
6276
4837
6383
3621
5565
113
4329
4793
8823
187
2483
7582
5820
2710
7044
9380
4814
1584
4870
1360
6686
6441
495
999
3597
7783
5377
1659
5135
2817
6187
2444
7832
3592
3802
6154
3066
1238
628
3350
7800
8481
7997
1225
2537
7353
9903
8013
4731
6105
8057
6874
6948
3778
8832
40
372
550
3602
8336
6722
6755
4555
2401
3317
3091
8599
3979
6757
1589
855
5000
4142
1902
1148
4262
6912
7774
3646
5472
6550
7113
5781
2923
3927
9671
9151
3835
3467
9619
6257
9068
8846
5338
8022
6336
894
4444
3772
1184
3914
4727
1235
2661
2571
911
2015
9549
8073
2703
8957
9288
5080
2778
8520
7402
8196
5122
4018
5250
8968
8707
885
3957
9319
1689
5973
8895
2613
9987
1641
4412
3012
1146
2706
9384
5012
6564
2750
478
7586
4819
1399
8003
5059
2123
6609
1085
7969
4019
5843
7316
9198
6234
5900
966
8394
1860
8136
3352
134
1369
9385
9925
2573
3093
3881
937
5845
495
1117
5024
6062
8564
6468
7784
4236
5674
6718
8454
4846
2813
4015
8427
4295
1599
2503
6249
8973
3591
9697
9504
1030
8694
1688
1824
6398
918
8988
3152
4724
8085
2823
6019
211
5321
9469
4567
3441
4545
6933
6448
540
9198
5026
7078
4600
5034
8192
6512
6316
4105
3271
9041
1861
8273
6671
7253
5395
6605
4015
3754
2360
514
1008
5078
3816
1040
3854
3796
9738
7005
1345
3905
6135
7787
6939
103
7853
7805
7409
2904
2074
3088
8770
4110
7280
7830
6462
7222
5096
7397
9293
957
2005
3197
5159
9687
6209
989
2447
4250
3476
5700
9406
3466
1092
9206
6804
8372
976
2159
17
2369
6399
2729
175
8983
6123
4683
8057
2564
2098
6174
4704
8164
8834
7312
1218
938
6788
5433
507
731
6415
3285
1163
7595
3447
6965
363
964
4208
2022
4764
5302
4276
2108
7778
708
8844
8609
9513
4407
919
5359
7271
7911
8157
4765
631
8094
2328
710
8046
2
6934
5674
6924
124
7598
511
3499
141
9835
7777
7447
8193
9955
11
8031
8108
1602
746
8448
1628
1696
5926
8566
2836
7874
5197
7733
5961
7979
2529
1303
6655
2241
67
151
2166
7086
1572
990
3712
4860
6754
6204
1164
1466
6631
3589
7279
6625
323
467
8443
9329
941
3905
4040
8476
5340
1012
8282
9450
7860
8034
6772
9812
7583
1129
3529
75
1969
3639
8161
569
8719
8845
5250
8740
1550
858
170
2486
7648
2722
5772
1118
5021
4833
273
585
2051
9917
5143
605
7949
1763
7138
1074
7764
9058
770
2978
7770
6950
280
7970
1471
1713
4153
8065
5701
1707
9979
269
1127
9401
2164
6288
770
2882
5970
4362
9988
5536
3701
8869
897
5
3797
4829
9747
8791
8817
5523
9833
6029
8917
1437
3445
7435
943
523
6799
2541
3409
4453
7107
4069
9271
657
1745
2809
5789
8587
3741
3403
